E_demon;T;<m>;slope
0;0;1;0
8;0;0.998686;0
16;0.993359;0.997359;-1.00669
24;1.03315;0.996007;-0.967915
32;1.08213;0.994604;-0.924107
40;1.17363;0.993232;-0.852061
48;1.2196;0.991748;-0.81994
56;1.36199;0.990214;-0.734217
64;1.38316;0.988741;-0.722981
72;1.42737;0.987228;-0.700588
80;1.49784;0.985623;-0.667628
88;1.52798;0.984048;-0.654459
96;1.57359;0.982525;-0.63549
104;1.58284;0.980932;-0.631777
112;1.64247;0.979259;-0.608838
120;1.66716;0.977614;-0.599821
128;1.63552;0.975999;-0.611426
136;1.60067;0.974252;-0.62474
144;1.71984;0.972609;-0.58145
152;1.69893;0.971075;-0.588605
160;1.69151;0.969352;-0.591186
168;1.68578;0.967523;-0.593197
176;1.70333;0.965849;-0.587084
184;1.77825;0.964039;-0.562352
192;1.7875;0.962213;-0.559441
200;1.75438;0.960443;-0.570003
208;1.79014;0.958623;-0.558617
216;1.81017;0.956771;-0.552436
224;1.816;0.955103;-0.55066
232;1.86696;0.953036;-0.535631
240;1.84532;0.951209;-0.541911
248;1.83289;0.949333;-0.545585
256;1.86011;0.94713;-0.537602
264;1.89126;0.945476;-0.528748
272;1.9209;0.943501;-0.520589
280;1.93384;0.941099;-0.517106
288;1.89802;0.939459;-0.526865
296;1.92695;0.937594;-0.518956
304;1.92317;0.935016;-0.519976
312;1.9422;0.933561;-0.514881
320;1.95729;0.930835;-0.510912
328;1.95462;0.92878;-0.511607
336;1.96968;0.926647;-0.507696
344;1.93307;0.924094;-0.517312
352;1.95602;0.922741;-0.511243
360;1.9726;0.920568;-0.506944
368;2.02094;0.918301;-0.49482
376;2.07907;0.915527;-0.480985
384;2.00805;0.913169;-0.497996
392;2.01229;0.910255;-0.496946
400;1.98643;0.908798;-0.503415
408;2.02027;0.905333;-0.494985
416;2.01023;0.90393;-0.497457
424;2.02721;0.900529;-0.493288
432;2.04544;0.899365;-0.488893
440;2.07573;0.897606;-0.481758
448;2.009;0.891508;-0.49776
456;2.10997;0.89261;-0.47394
464;2.03108;0.889133;-0.49235
472;2.08278;0.884922;-0.480127
480;2.0903;0.883045;-0.4784
488;2.07742;0.880413;-0.481366
496;2.07619;0.875965;-0.481652
504;2.13045;0.875386;-0.469385
512;2.0613;0.872847;-0.48513
520;2.10977;0.868305;-0.473985
528;2.1303;0.866562;-0.469418
536;2.10974;0.863026;-0.473993
544;2.1179;0.85946;-0.472167
552;2.15118;0.857344;-0.464862
560;2.1704;0.853367;-0.460745
568;2.15308;0.850374;-0.46445
576;2.18093;0.84711;-0.45852
584;2.16678;0.844557;-0.461514
592;2.14887;0.839871;-0.465362
600;2.18766;0.838747;-0.457109
608;2.16574;0.835853;-0.461737
616;2.16931;0.82731;-0.460977
624;2.16389;0.831838;-0.462131
632;2.11229;0.821616;-0.473419
640;2.15554;0.82054;-0.46392
648;2.21076;0.813975;-0.452333
656;2.17264;0.813745;-0.460269
664;2.18334;0.804051;-0.458013
672;2.20145;0.805121;-0.454245
680;2.20119;0.799867;-0.454299
688;2.20631;0.793476;-0.453246
696;2.22091;0.795602;-0.450265
704;2.26586;0.788812;-0.441333
712;2.2123;0.776258;-0.452019
720;2.21551;0.78236;-0.451362
728;2.23512;0.777539;-0.447404
736;2.19053;0.777143;-0.45651
744;2.2087;0.766436;-0.452754
752;2.24827;0.744538;-0.444787
760;2.23313;0.740002;-0.447803
768;2.19523;0.732875;-0.455534
776;2.21314;0.739606;-0.451848
784;2.23447;0.736961;-0.447533
792;2.20405;0.737838;-0.45371
800;2.2149;0.731924;-0.451488
808;2.24751;0.723187;-0.444938
816;2.32931;0.703934;-0.429312
824;2.29485;0.71931;-0.435758
832;2.25634;0.691131;-0.443196
840;2.29923;0.700498;-0.434928
848;2.31361;0.69694;-0.432225
856;2.23788;-0.677819;-0.446851
864;2.21936;0.495599;-0.45058
872;2.30967;0.666094;-0.432962
880;2.26841;0.574597;-0.440837
888;2.2613;0.624619;-0.442223
896;2.29442;0.626962;-0.43584
904;2.30386;0.627181;-0.434054
912;2.29216;0.660198;-0.43627
920;2.23281;0.609337;-0.447867
928;2.31163;-0.393265;-0.432596
936;2.2801;0.625479;-0.438578
944;2.22702;0.462372;-0.44903
952;2.29346;0.544632;-0.436022
960;2.23936;0.534685;-0.446556
968;2.26286;0.56916;-0.441919
976;2.34563;0.33117;-0.426324
984;2.27037;-0.0409237;-0.440457
992;2.34831;0.247759;-0.425838
1000;2.25373;0.400904;-0.44371
1008;2.27972;-0.214646;-0.43865
1016;2.25816;-0.501597;-0.442839
1024;2.33117;0.503503;-0.42897
1032;2.32898;0.504594;-0.429373
1040;2.31509;0.525855;-0.43195
1048;2.32179;0.197191;-0.430703
1056;2.29396;-0.189808;-0.435928
1064;2.2903;0.0632281;-0.436623
1072;2.23197;0.381371;-0.448034
1080;2.30809;0.496407;-0.433259
1088;2.31622;0.391748;-0.431739
1096;2.23268;0.539285;-0.447893
1104;2.28801;0.513456;-0.43706
1112;2.32369;0.0453092;-0.430349
1120;2.30893;-0.123296;-0.433101
1128;2.39514;-0.342924;-0.417512
1136;2.27269;0.503118;-0.440007
1144;2.30524;0.501763;-0.433794
1152;2.35351;-0.120597;-0.424897
1160;2.33905;0.449824;-0.427524
1168;2.32464;0.0719098;-0.430174
1176;2.35891;0.522827;-0.423924
1184;2.34248;0.0828738;-0.426897
1192;2.3215;0.40187;-0.430755
1200;2.32162;-0.109551;-0.430733
1208;2.23327;0.529958;-0.447773
1216;2.35923;-0.558167;-0.423868
1224;2.30971;-0.0321747;-0.432955
1232;2.3261;-0.144434;-0.429904
1240;2.32112;0.444476;-0.430827
1248;2.36017;-0.475179;-0.423697
1256;2.3232;0.500007;-0.43044
1264;2.23855;-0.0624809;-0.446718
1272;2.27238;0.321029;-0.440067
1280;2.35347;-0.364631;-0.424904
1288;2.38371;-0.287614;-0.419514
1296;2.32494;0.524024;-0.430118
1304;2.29581;0.339764;-0.435577
1312;2.31003;0.511656;-0.432895
1320;2.29481;0.249726;-0.435766
1328;2.31227;-0.529877;-0.432475
1336;2.31621;-0.43679;-0.431741
1344;2.33503;-0.529445;-0.42826
1352;2.34375;0.214959;-0.426666
1360;2.32044;0.503995;-0.430954
1368;2.30178;0.36402;-0.434447
1376;2.30233;0.490054;-0.434343
1384;2.28711;0.515389;-0.437233
1392;2.32129;0.517816;-0.430794
1400;2.29422;0.163701;-0.435879
1408;2.34056;0.503682;-0.427248
1416;2.34116;-0.20659;-0.42714
1424;2.35786;-0.31186;-0.424114
1432;2.30892;0.149038;-0.433102
1440;2.34372;-0.0165408;-0.426672
1448;2.33992;0.392739;-0.427364
1456;2.40324;0.367615;-0.416104
1464;2.30656;0.364264;-0.433547
1472;2.31913;0.422027;-0.431196
1480;2.27674;0.300511;-0.439225
1488;2.35226;0.555653;-0.425123
1496;2.29002;-0.106033;-0.436678
1504;2.33262;0.278366;-0.428703
1512;2.34073;0.263235;-0.427217
1520;2.31689;0.504316;-0.431613
1528;2.30686;0.227842;-0.43349
1536;2.28795;0.49998;-0.437073
1544;2.28665;-0.327804;-0.43732
1552;2.2666;0.296707;-0.441189
1560;2.27901;0.48317;-0.438788
1568;2.35517;0.466474;-0.424597
1576;2.37499;0.544528;-0.421054
1584;2.33665;0.49747;-0.427963
1592;2.28884;-0.0341686;-0.436903
